% Arquivo de exemplos, CLUSTERIZACAO com algoritmo KMeans
% (% sao comentarios)
% Autor: David Morosini - IA (2017/1)
% Pontos gerados de forma aleatoria
% Caracteristicas de analise:  pontos X, Y
% Quantidade de pontos: 368
% Range dos pontos: 0 - 450
368
450
286 433
115 27
385 293
192 136
271 249
427 212
259 140
76 113
126 240
136 322
368 161
429 267
80 332
373 62
235 217
252 329
408 72
417 419
106 343
142 211
423 429
119 171
337 284
74 248
120 65
226 263
80 91
423 206
320 212
31 346
225 105
177 284
305 236
129 196
407 13
45 324
45 432
267 164
14 434
50 393
258 187
278 276
84 338
101 303
199 404
60 132
18 26
262 289
36 376
389 444
370 45
28 434
201 17
2 347
342 267
56 52
380 151
91 386
239 15
419 244
429 40
67 81
371 447
425 381
427 9
106 417
3 347
365 186
83 256
74 419
21 28
179 182
119 3
18 270
65 358
399 40
173 96
145 68
51 146
155 121
88 29
428 314
50 91
400 343
364 134
214 24
206 437
441 393
265 377
286 9
101 382
28 287
407 275
421 174
295 8
37 179
43 435
128 68
411 93
279 78
154 326
313 43
38 413
340 356
418 304
288 228
117 69
396 317
93 74
83 420
149 440
425 172
240 244
389 155
286 254
182 219
314 42
57 97
4 405
311 398
228 422
93 149
68 346
22 40
10 161
151 105
330 211
5 178
386 120
426 394
215 222
316 158
308 132
87 374
374 312
336 0
149 152
100 429
71 218
431 123
280 81
344 133
363 160
281 349
346 299
123 309
18 163
295 440
416 326
240 434
434 340
42 126
157 186
6 195
318 229
362 437
172 148
309 309
260 86
437 192
51 156
372 163
205 121
49 269
254 171
61 289
17 290
78 155
350 227
58 84
124 270
419 22
331 296
434 330
72 142
350 422
135 175
349 272
92 340
113 398
290 398
290 174
381 359
136 369
55 282
154 194
269 179
26 123
55 150
292 10
34 179
355 193
67 221
163 254
254 211
159 276
52 94
56 52
421 434
318 192
439 78
258 22
198 258
408 336
398 253
433 303
98 433
204 390
246 217
429 368
246 50
197 138
190 299
283 253
47 213
292 203
225 36
346 152
38 25
279 357
210 436
21 314
254 360
127 278
248 50
152 106
297 44
343 349
152 89
303 228
431 200
288 197
401 259
284 185
92 439
27 165
29 354
264 49
379 335
385 443
100 177
221 88
39 449
88 167
395 192
444 443
190 429
290 282
69 141
182 176
342 161
117 210
311 423
309 381
375 240
417 296
384 77
76 240
407 424
218 164
158 405
436 212
96 400
144 276
2 166
379 378
190 396
370 47
30 51
343 281
127 7
136 362
205 114
140 212
429 162
169 410
224 189
191 155
33 320
88 387
316 88
34 70
117 56
160 6
287 199
259 105
18 17
183 395
158 223
437 323
283 189
378 157
364 57
429 171
109 0
88 68
138 425
83 174
181 307
108 243
349 70
139 367
313 419
244 322
247 73
262 231
440 132
241 242
15 407
407 221
341 124
151 97
271 81
440 287
80 54
125 98
16 31
52 316
189 381
4 296
130 38
171 318
162 120
129 412
235 177
354 86
183 126
259 107
394 57
111 249
400 77
160 236
155 18
399 213
111 344
434 5
375 241
414 155
118 139
368 93
232 405
82 272
380 17
74 393
193 376
3 186
24 143
213 164
377 179
125 162
219 38
332 110
317 144
335 296
441 37
443 253
128 223
241 75
18 110
36 367
155 263
8 40
204 180
411 221
435 183
273 139
301 204
400 155
