% Arquivo de exemplos, CLUSTERIZACAO com algoritmo KMeans
% (% sao comentarios)
% Autor: David Morosini - IA (2017/1)
% Pontos gerados de forma aleatoria
% Caracteristicas de analise:  pontos X, Y
% Quantidade de pontos: 740
% Range dos pontos: 0 - 688
740
688
134 439
563 617
335 449
476 26
669 9
379 490
59 194
422 83
274 28
520 52
552 459
61 519
538 70
371 302
383 387
474 473
50 518
615 685
24 385
394 51
541 341
535 421
153 248
276 606
658 75
534 445
276 171
241 596
546 462
497 612
397 241
71 284
617 96
481 334
385 289
279 524
257 574
135 126
380 58
134 59
152 687
170 668
224 428
203 59
671 82
324 12
632 28
124 43
378 210
499 254
426 411
298 90
553 331
390 81
476 581
228 524
152 629
17 46
105 377
459 556
217 424
453 431
475 161
19 225
127 501
560 167
593 553
197 506
587 106
0 235
71 24
653 564
611 559
248 670
539 28
453 356
435 404
213 554
427 558
371 233
400 555
68 580
398 305
60 265
148 298
658 60
624 555
427 623
253 195
224 675
679 440
156 325
527 427
297 370
603 266
133 317
209 651
604 538
115 607
553 664
372 264
131 523
106 645
152 206
530 360
448 24
685 521
596 605
623 524
103 542
171 186
149 572
422 28
283 401
26 186
98 149
320 46
339 565
84 75
83 492
164 614
95 531
96 162
334 4
546 31
217 437
658 365
393 14
64 392
226 676
473 90
472 324
538 442
517 124
264 622
196 248
91 428
238 291
631 188
555 573
658 489
502 85
435 628
333 207
532 499
237 207
532 653
407 22
482 382
652 572
132 58
486 160
99 560
396 373
258 43
180 263
684 228
169 331
186 432
579 150
357 30
332 465
135 537
567 387
272 617
675 531
339 52
260 121
494 87
466 656
568 400
629 294
625 564
644 446
596 124
490 536
313 601
99 134
522 448
25 666
158 442
142 12
469 145
232 403
19 276
324 10
641 587
464 265
359 578
14 420
604 603
517 505
287 565
661 616
242 457
211 686
346 400
194 2
405 128
52 426
85 72
660 376
290 38
616 84
152 649
565 279
432 69
634 42
306 367
137 608
254 548
597 348
350 601
41 103
177 403
476 429
117 262
636 96
180 55
17 213
492 332
49 230
272 572
251 332
588 578
86 388
385 154
67 683
98 383
99 444
185 276
186 223
655 639
6 135
348 147
127 359
589 488
372 177
157 509
399 271
660 57
211 486
129 5
388 615
371 228
152 135
358 205
492 338
121 325
120 146
506 469
605 248
73 55
565 289
561 230
287 612
410 181
186 146
73 540
416 574
22 93
634 568
554 28
2 438
584 676
105 458
354 50
106 23
648 427
305 319
243 169
686 240
35 302
490 184
407 108
537 554
82 77
441 483
569 636
272 91
550 114
164 26
49 216
292 606
237 345
163 245
486 129
79 161
346 521
277 569
435 401
478 127
258 517
113 567
659 476
590 386
412 521
385 402
321 109
102 677
235 206
671 265
427 369
538 62
279 421
134 127
590 362
527 260
475 497
285 641
675 446
615 523
237 47
492 649
638 206
413 594
172 521
538 44
107 247
668 388
164 34
397 450
358 66
211 236
525 145
240 496
331 512
207 503
464 217
423 11
254 63
232 148
529 74
321 83
119 636
318 637
47 283
686 27
264 53
534 209
354 437
262 86
590 333
550 117
129 14
77 286
82 383
105 310
393 611
207 426
23 512
444 526
201 70
459 442
299 113
551 305
40 653
299 125
242 278
292 497
431 19
50 370
680 514
85 155
229 33
193 629
115 252
658 637
39 316
430 429
47 339
640 293
66 87
365 587
397 644
664 305
675 140
302 362
518 315
684 36
665 395
648 190
475 92
408 618
8 163
150 486
91 391
478 102
2 157
450 491
108 47
523 426
436 432
59 138
174 602
310 56
582 487
227 270
536 17
180 635
434 192
583 330
81 173
667 373
512 83
130 429
503 621
365 653
439 251
166 72
464 261
396 476
394 6
24 623
571 578
83 540
519 653
138 666
0 600
331 453
194 512
93 109
410 9
261 106
179 498
71 75
551 643
650 468
51 593
483 322
510 622
235 566
545 341
589 22
475 545
17 232
677 670
327 111
217 400
210 588
663 396
0 617
45 174
79 298
268 97
367 563
89 90
432 251
273 634
139 669
550 396
26 157
604 539
587 354
254 133
178 445
375 566
388 514
124 68
501 468
679 392
482 181
80 80
363 562
544 353
397 150
643 406
593 424
90 559
341 493
250 680
206 519
345 273
678 595
23 117
157 491
320 14
430 639
162 400
401 441
592 354
408 111
535 547
67 313
454 625
265 408
239 353
626 472
379 232
685 264
68 402
64 154
105 36
437 142
584 603
269 150
597 136
331 677
639 444
29 398
118 405
70 295
415 5
573 345
609 106
156 570
36 325
362 556
346 478
393 447
597 242
26 311
636 155
599 358
68 587
641 277
220 523
528 23
368 635
53 62
632 626
263 545
413 669
107 625
32 407
650 500
459 278
433 324
682 408
643 680
269 399
234 596
268 489
436 410
472 284
222 137
682 65
382 486
71 55
463 489
637 104
382 73
45 409
465 463
455 40
87 420
665 37
174 321
379 245
529 611
396 500
565 400
198 39
430 595
396 605
357 541
262 345
66 387
162 308
348 179
600 266
303 435
404 225
470 125
384 431
243 647
359 93
132 456
363 205
459 210
64 407
65 128
164 326
634 467
647 662
240 630
377 207
432 191
317 429
173 550
157 13
442 64
169 517
370 222
433 180
588 141
606 497
471 301
80 82
392 418
360 375
582 633
472 386
127 662
172 437
451 300
13 330
495 541
76 182
362 177
319 509
654 262
563 237
655 437
503 292
667 359
640 176
210 210
520 425
510 337
286 5
671 273
463 299
129 478
303 539
8 491
402 622
507 310
59 613
553 474
482 211
35 181
391 434
507 245
582 223
564 330
251 516
463 195
673 26
213 592
44 289
559 221
531 446
19 379
501 239
98 221
402 295
378 133
378 105
664 197
175 608
437 189
384 75
101 212
117 18
643 651
520 497
591 514
541 12
251 610
143 355
650 685
130 545
298 340
186 508
76 611
112 361
436 513
374 496
162 186
149 139
636 117
632 317
329 539
109 133
488 228
225 589
446 451
439 355
511 393
316 625
635 588
61 428
572 31
553 435
222 47
500 350
668 170
357 444
226 309
538 467
368 26
125 75
79 462
503 565
150 590
138 131
207 433
465 200
283 92
475 330
681 506
324 287
380 661
282 330
109 606
632 468
544 125
235 406
283 623
173 51
182 81
515 648
160 390
130 292
270 91
245 605
540 263
572 218
548 232
150 503
283 305
430 431
149 139
410 665
28 80
161 232
192 211
249 324
264 0
91 379
632 535
446 673
203 484
365 667
482 399
16 515
594 77
553 446
71 391
119 611
155 436
295 617
253 347
347 544
571 518
13 87
408 515
647 459
438 259
