% Arquivo de exemplos, CLUSTERIZACAO com algoritmo KMeans
% (% sao comentarios)
% Autor: David Morosini - IA (2017/1)
% Pontos gerados de forma aleatoria
% Caracteristicas de analise:  pontos X, Y
% Quantidade de pontos: 1200
% Range dos pontos: 0 - 720
1200
720
646 343
115 297
655 113
12 586
541 249
427 122
619 50
166 563
306 60
136 52
8 251
429 87
170 422
643 62
415 307
522 329
498 342
327 509
376 433
682 211
333 69
119 261
697 104
164 158
210 155
406 173
260 91
513 116
50 302
481 436
45 465
87 284
665 416
129 286
497 193
135 684
225 702
87 254
284 74
230 123
168 367
458 636
624 428
11 123
559 674
420 492
648 476
172 379
666 466
659 174
10 315
298 74
201 107
182 257
252 357
596 412
200 421
1 206
329 105
59 604
249 40
517 351
11 177
515 561
607 549
16 327
273 617
5 186
443 346
704 59
471 568
269 452
659 543
648 270
155 268
309 580
83 276
325 698
411 686
515 121
448 299
68 404
590 1
220 73
4 314
34 204
656 347
171 303
445 467
16 99
551 472
28 197
47 635
601 354
475 458
37 269
673 75
668 698
51 543
9 168
244 56
403 43
218 53
520 446
418 664
288 408
477 249
36 317
543 524
263 510
59 170
245 172
150 604
299 65
106 74
2 309
224 222
147 277
4 315
131 668
228 422
543 419
608 706
382 580
370 431
601 645
690 301
185 718
656 120
66 484
665 42
136 68
218 42
357 284
104 222
516 360
59 332
190 339
71 668
251 573
370 441
614 133
3 340
461 79
436 659
573 399
468 253
295 710
146 686
60 524
164 250
582 576
67 96
636 645
498 139
452 167
172 148
489 219
170 176
707 102
501 606
12 433
295 121
679 179
704 441
691 19
467 20
708 425
350 407
418 624
664 0
149 22
241 116
164 510
612 412
170 152
585 265
259 182
362 160
473 218
110 218
110 444
21 449
136 99
595 372
244 554
449 539
656 393
55 690
382 100
124 539
85 553
607 581
613 344
434 121
339 366
682 544
146 322
421 704
228 282
709 168
708 472
18 438
408 516
488 73
613 663
368 613
474 570
66 127
249 368
606 500
197 588
190 569
553 343
497 483
652 653
405 486
76 512
308 295
369 357
300 76
561 134
704 540
667 188
428 50
422 196
657 314
163 619
242 719
483 588
521 20
378 287
671 79
374 455
92 259
207 615
29 264
84 49
109 605
655 623
100 537
131 358
129 629
628 167
35 372
264 263
550 429
380 642
249 501
632 626
522 341
477 120
41 423
309 561
465 150
687 116
474 437
346 690
137 604
128 254
518 45
346 392
186 220
594 6
632 436
649 378
370 306
10 407
120 411
433 191
307 457
46 272
115 654
410 392
519 252
169 410
674 189
281 515
393 140
448 27
406 178
484 250
657 56
340 366
557 649
259 645
198 17
543 305
698 313
437 233
643 369
558 607
274 597
609 711
19 540
718 338
588 425
353 354
1 397
198 693
619 430
319 457
43 689
154 142
247 613
262 591
350 42
511 692
555 497
317 401
611 574
151 187
541 351
620 377
350 414
125 98
556 121
682 316
459 471
364 116
580 578
621 498
342 210
579 412
685 177
624 176
363 576
79 647
304 57
471 699
670 527
520 596
65 378
129 483
471 524
254 365
15 331
414 155
568 229
278 273
322 405
262 182
110 557
614 213
193 286
93 366
114 143
393 614
377 179
575 522
39 128
332 110
137 54
155 26
171 577
263 433
488 493
331 525
18 470
36 97
335 83
98 130
24 450
501 491
165 273
273 229
211 204
130 605
503 348
206 285
719 675
320 469
146 487
237 523
621 36
120 145
275 236
558 90
582 171
316 212
441 619
104 590
347 652
280 234
392 3
550 358
107 263
30 150
674 253
162 139
284 447
555 282
244 432
603 394
606 698
598 200
662 199
3 702
88 161
164 283
642 352
615 714
17 621
27 645
656 691
418 189
343 221
653 253
519 587
566 408
480 277
348 444
298 294
456 351
635 258
611 492
359 429
330 506
304 376
219 229
418 240
333 509
634 41
629 138
547 306
583 347
71 307
602 212
435 241
499 210
574 350
651 390
177 213
461 134
363 481
593 680
341 62
695 207
345 256
562 604
231 172
352 297
381 174
415 106
188 97
319 195
457 42
256 123
257 634
267 589
422 492
426 141
220 43
171 402
286 565
610 605
183 390
436 114
220 436
405 132
199 408
450 5
0 656
443 578
448 257
621 582
595 150
65 328
10 95
533 237
122 168
430 423
537 177
486 147
151 629
189 171
48 350
158 639
370 48
177 473
336 690
712 79
407 211
179 57
166 417
457 712
415 161
338 168
315 104
605 696
148 466
688 74
713 68
117 718
472 235
205 294
245 680
43 197
127 652
221 222
214 293
454 679
719 501
477 665
641 314
652 362
436 661
10 492
362 302
537 719
293 114
666 615
684 411
343 710
212 91
257 437
268 299
80 711
656 267
581 430
72 450
391 385
157 509
683 401
272 391
506 500
267 438
129 324
314 232
195 344
61 399
698 452
316 329
596 650
360 124
574 329
714 305
686 246
519 23
415 649
301 72
510 73
269 569
673 511
135 584
135 148
473 197
398 113
635 69
193 275
476 148
453 640
166 343
238 291
220 557
501 525
470 521
370 163
674 20
604 195
344 682
159 19
4 689
38 429
576 511
659 103
23 333
676 264
555 61
491 66
592 647
449 272
308 342
362 691
167 134
96 118
137 383
352 127
557 13
525 262
237 413
618 336
473 261
194 446
513 180
108 685
110 385
599 429
400 418
424 242
360 439
102 521
520 370
383 326
460 229
643 188
397 698
111 413
140 150
330 305
271 653
190 438
147 381
671 69
183 420
139 375
48 544
66 114
312 569
670 449
510 53
623 593
159 187
209 14
191 299
104 539
130 462
715 166
235 149
441 666
194 291
707 453
567 242
683 53
502 159
84 634
379 164
223 579
593 538
709 432
124 65
399 93
259 254
275 395
213 367
530 589
322 407
522 517
570 169
200 485
271 224
389 157
16 523
341 612
325 482
419 203
168 321
447 98
365 300
667 2
591 579
266 349
146 193
234 68
426 716
92 307
464 697
500 481
246 480
114 714
197 443
44 533
632 237
537 491
365 149
8 356
705 109
302 275
215 131
719 409
716 641
491 92
445 460
92 143
9 691
286 207
612 78
316 330
693 524
546 133
490 339
448 554
701 475
479 622
183 197
710 478
442 179
511 353
497 168
11 604
683 506
585 298
500 575
252 181
314 346
685 78
632 676
432 285
59 486
683 191
541 243
422 545
179 136
304 214
690 676
334 187
357 653
380 199
252 10
356 632
710 439
395 193
478 495
261 107
170 537
60 96
641 584
0 483
569 692
520 176
363 539
344 135
206 593
603 4
509 331
50 111
304 499
146 445
425 62
471 279
247 467
331 404
39 41
13 331
507 608
299 534
541 23
488 643
519 27
358 243
354 308
680 280
6 658
592 698
258 303
50 215
619 505
546 382
585 658
418 432
246 373
268 717
512 67
686 36
279 312
620 197
477 633
443 452
431 355
658 187
274 689
346 581
243 174
704 45
477 108
353 403
400 595
534 621
657 65
377 500
569 88
593 149
474 199
554 316
375 185
26 365
226 650
696 372
289 469
449 552
235 46
513 675
576 508
573 327
700 386
346 102
123 549
28 220
536 597
62 455
100 64
586 680
205 198
539 434
266 494
413 268
223 502
162 206
534 672
210 607
709 514
215 556
56 704
582 244
571 465
401 516
477 543
21 267
701 682
328 560
700 119
493 21
228 204
28 655
542 42
556 110
666 403
260 51
167 595
212 714
510 610
433 613
160 139
693 454
294 13
4 302
323 275
351 498
433 551
465 251
361 128
403 173
97 179
54 535
529 264
27 266
31 192
331 460
67 63
76 177
479 233
380 81
451 674
378 11
134 36
164 123
297 367
547 440
255 394
530 473
612 657
129 429
170 643
707 332
509 109
342 655
608 140
95 3
606 339
376 345
340 613
260 412
4 637
183 87
561 260
197 586
167 325
248 198
530 209
318 107
43 320
460 661
536 523
143 427
52 422
315 391
83 393
182 448
535 88
220 238
696 248
573 289
487 143
353 694
81 297
489 543
484 716
520 102
529 172
467 535
206 454
719 654
382 161
121 53
291 198
318 213
502 139
155 44
610 141
311 380
203 563
560 80
182 560
12 232
47 584
318 479
414 125
158 317
370 76
146 280
493 534
545 337
381 148
289 700
360 143
706 472
553 564
276 418
650 607
471 288
48 569
566 661
258 334
410 5
285 501
187 429
46 650
78 12
585 299
442 240
712 97
661 428
127 417
177 89
378 649
499 648
590 298
632 345
222 0
373 194
623 507
310 560
445 541
120 388
500 310
407 434
143 365
654 221
310 142
663 111
40 560
138 314
532 502
502 50
245 34
414 28
588 20
562 4
264 185
367 682
397 45
282 55
148 412
426 216
200 330
171 369
556 112
614 309
232 368
402 268
168 477
497 96
100 37
94 339
174 365
282 462
389 443
135 436
524 537
19 433
674 4
116 190
372 510
158 602
23 604
361 561
529 191
100 10
222 630
147 195
529 396
119 301
17 198
15 126
431 541
418 34
97 385
176 406
161 469
353 334
47 56
119 586
596 577
359 220
287 690
366 506
87 688
166 357
355 696
517 53
679 66
452 87
494 56
397 500
114 655
711 30
488 162
611 110
202 365
207 250
36 361
329 574
83 715
691 495
420 311
377 360
448 380
436 701
481 94
29 114
16 468
502 612
2 505
22 393
643 77
310 229
675 551
546 640
287 39
222 389
29 708
368 599
453 349
443 676
70 86
554 344
236 679
464 336
9 111
60 358
459 524
355 370
290 415
326 181
442 450
438 548
299 344
693 678
634 624
711 289
505 577
536 417
34 22
5 152
510 635
312 65
307 249
536 667
1 598
200 142
562 443
67 638
596 14
638 633
74 510
367 629
327 579
601 55
207 233
20 478
415 589
711 332
152 3
473 527
542 153
468 673
591 256
270 536
321 339
1 189
690 395
254 369
296 169
402 8
486 504
373 295
627 54
57 364
44 651
84 530
483 458
714 553
241 226
565 265
326 434
109 566
87 296
466 235
243 384
40 20
315 602
528 413
650 95
26 585
267 566
304 703
408 30
128 170
435 521
235 693
411 41
210 344
451 371
35 548
568 567
321 75
360 36
131 129
714 162
600 29
604 261
163 184
355 292
93 291
136 662
576 200
416 419
70 658
486 148
715 697
644 334
370 316
445 285
319 373
275 311
444 200
256 159
324 607
50 483
426 289
490 186
605 154
92 58
206 548
525 578
64 73
261 450
607 307
680 578
169 78
278 107
139 613
372 407
170 335
624 422
480 468
622 266
325 366
66 586
444 403
477 591
193 381
688 610
469 672
31 520
628 510
276 181
588 47
382 648
223 631
379 158
425 703
221 154
612 622
177 287
31 209
590 654
417 224
177 558
358 166
548 80
261 266
185 104
625 2
633 439
598 128
703 164
190 175
669 205
364 83
