% Arquivo de exemplos, CLUSTERIZACAO com algoritmo KMeans
% (% sao comentarios)
% Autor: David Morosini - IA (2017/1)
% Pontos gerados de forma aleatoria
% Caracteristicas de analise:  pontos X, Y
% Quantidade de pontos: 146
% Range dos pontos: 0 - 200
146
200
86 183
115 177
135 193
92 186
21 49
27 162
59 90
126 163
26 140
136 172
168 11
29 167
130 182
123 62
135 67
2 129
58 22
167 69
56 193
42 11
173 29
119 21
137 184
124 198
170 115
126 13
180 91
73 156
170 62
81 196
125 105
127 84
105 136
129 46
57 113
95 124
145 182
167 14
164 34
150 43
8 87
178 76
184 188
51 3
199 154
60 132
168 76
12 139
186 26
139 94
170 195
178 34
1 67
102 97
92 117
156 52
80 101
41 86
89 65
19 44
129 40
117 31
171 97
75 81
127 109
56 167
153 97
165 186
83 106
24 19
71 128
29 132
19 103
168 70
115 108
149 140
123 196
45 18
51 46
155 121
88 179
28 164
150 41
100 193
164 34
114 124
56 187
91 143
165 27
136 59
151 32
28 37
7 75
121 74
195 58
37 29
193 35
28 18
11 143
129 128
4 176
163 43
138 13
40 6
18 104
88 128
117 169
196 117
143 124
183 70
99 90
125 172
190 44
139 105
186 154
82 69
64 142
107 197
4 155
11 148
28 22
143 99
168 146
22 140
10 111
1 5
130 61
105 78
136 120
26 44
65 122
16 108
58 82
37 124
24 62
36 0
99 52
150 179
71 68
131 173
130 81
94 133
163 60
181 199
196 99
173 159
